[-2.86594554e-05  
  3.73492949e-06  
  1.68118283e-05  
  1.00264556e-03
  4.92662190e-03  
  3.16511091e+01  
  3.04783660e+01  
  1.00124536e+01
  3.68708265e+00  
  3.96825040e-03  
  1.00046299e+01
  1.00245969e+00
  2.84221812e-03  
  1.58275108e-02  
  3.46428214e-02  
  4.27613016e-04
  9.33258772e-03  
  5.75974125e-03  
  1.15639862e-03  
  1.65871721e-03
  1.29043763e-02  
  2.52389015e-01  
  5.45311424e-04  
  7.51769201e-02
  1.06779293e-04  
  9.16034759e-03  
  4.96424479e-02  
  2.44088251e-01
  1.26052199e-01  
  1.81737248e+00  
  6.05885569e-01]